================================================================================
Node ID    Type   Start  Finish  Delay  Res#  ASAP  ALAP  Mobility 
--------------------------------------------------------------------------------
in0        INPUT  -1     -1      0      -1    -1    1     1        
in1        INPUT  -1     -1      0      -1    -1    1     1        
in2        INPUT  -1     -1      0      -1    -1    -1    0        
in3        INPUT  -1     -1      0      -1    -1    -1    0        
in4        INPUT  -1     -1      0      -1    -1    2     2        
in5        INPUT  -1     -1      0      -1    -1    2     2        
in6        INPUT  -1     -1      0      -1    -1    5     5        
in7        INPUT  -1     -1      0      -1    -1    6     6        
in8        INPUT  -1     -1      0      -1    -1    9     9        
in9        INPUT  -1     -1      0      -1    -1    10    10       
n0         ADD    -1     1       1      -1    -1    1     1        
n1         MUL    -1     2       2      -1    -1    -1    0        
n2         ADD    1      2       1      1     1     2     1        
n3         SUB    2      3       1      -1    2     2     0        
n4         MUL    3      5       2      1     3     3     0        
n5         ADD    5      6       1      -1    5     5     0        
n6         DIV    6      9       3      -1    6     6     0        
n7         SUB    9      10      1      -1    9     9     0        
n8         MUL    10     12      2      -1    10    10    0        
================================================================================