================================================================================
Node ID    Type   Start  Finish  Delay  Res#  ASAP  ALAP  Mobility 
--------------------------------------------------------------------------------
in0        INPUT  -1     -1      0      -1    -1    2     2        
in1        INPUT  -1     -1      0      -1    -1    2     2        
in10       INPUT  -1     -1      0      -1    -1    12    12       
in11       INPUT  -1     -1      0      -1    -1    13    13       
in12       INPUT  -1     -1      0      -1    -1    14    14       
in2        INPUT  -1     -1      0      -1    -1    -1    0        
in3        INPUT  -1     -1      0      -1    -1    -1    0        
in4        INPUT  -1     -1      0      -1    -1    3     3        
in5        INPUT  -1     -1      0      -1    -1    2     2        
in6        INPUT  -1     -1      0      -1    -1    5     5        
in7        INPUT  -1     -1      0      -1    -1    6     6        
in8        INPUT  -1     -1      0      -1    -1    8     8        
in9        INPUT  -1     -1      0      -1    -1    9     9        
n0         ADD    -1     1       1      -1    -1    2     2        
n1         MUL    -1     2       2      -1    -1    -1    0        
n2         ADD    1      2       1      1     1     3     2        
n3         MUL    2      4       2      1     2     2     0        
n4         SUB    4      5       1      -1    4     4     0        
n5         ADD    5      6       1      -1    5     5     0        
n6         MUL    6      8       2      -1    6     6     0        
n7         ADD    8      9       1      1     8     8     0        
n8         DIV    9      12      3      -1    9     9     0        
n9         SUB    12     13      1      -1    12    12    0        
n10        ADD    13     14      1      -1    13    13    0        
n11        MUL    14     16      2      1     14    14    0        
================================================================================