================================================================================
Node ID    Type   Start  Finish  Delay  Res#  ASAP  ALAP  Mobility 
--------------------------------------------------------------------------------
n0         ADD    -1     1       1      -1    -1    -1    0        
n1         ADD    1      2       1      1     1     1     0        
n3         ADD    1      2       1      2     1     5     4        
n2         ADD    2      3       1      4     2     11    9        
n4         ADD    2      3       1      3     2     2     0        
n18        ADD    3      4       1      7     3     7     4        
n49        ADD    3      4       1      -1    3     20    17       
n5         ADD    3      4       1      5     3     3     0        
n6         ADD    3      4       1      6     3     5     2        
n11        ADD    4      5       1      1     4     7     3        
n12        MUL    4      6       2      1     4     6     2        
n16        MUL    4      6       2      2     4     7     3        
n28        ADD    4      5       1      2     4     10    6        
n7         MUL    4      6       2      -1    4     4     0        
n8         ADD    4      5       1      3     4     15    11       
n19        ADD    5      6       1      -1    5     16    11       
n20        ADD    5      6       1      4     5     8     3        
n26        ADD    5      6       1      5     5     17    12       
n21        ADD    6      7       1      7     6     9     3        
n24        ADD    6      7       1      1     6     16    10       
n31        MUL    6      8       2      3     6     17    11       
n9         ADD    6      7       1      6     6     6     0        
n10        MUL    7      9       2      4     7     11    4        
n13        ADD    7      8       1      2     7     7     0        
n25        MUL    7      9       2      5     7     17    10       
n14        ADD    8      9       1      3     8     8     0        
n17        ADD    8      9       1      4     8     16    8        
n37        ADD    8      9       1      -1    8     15    7        
n15        ADD    9      10      1      5     9     9     0        
n22        ADD    9      10      1      1     9     16    7        
n33        MUL    9      11      2      6     9     11    2        
n45        ADD    9      10      1      7     9     19    10       
n50        ADD    9      10      1      6     9     19    10       
n23        MUL    10     12      2      7     10    10    0        
n27        ADD    10     11      1      -1    10    17    7        
n29        ADD    10     11      1      1     10    30    20       
n30        ADD    10     11      1      3     10    18    8        
n35        ADD    10     11      1      2     10    14    4        
n43        ADD    10     11      1      4     10    28    18       
n34        ADD    11     12      1      5     11    18    7        
n48        MUL    11     13      2      -1    11    19    8        
n51        ADD    11     12      1      6     11    20    9        
n57        ADD    11     12      1      7     11    20    9        
n32        ADD    12     13      1      -1    12    12    0        
n39        ADD    12     13      1      1     12    25    13       
n36        MUL    13     15      2      1     13    13    0        
n46        ADD    13     14      1      3     13    23    10       
n47        ADD    13     14      1      2     13    18    5        
n71        MUL    13     15      2      2     13    27    14       
n68        ADD    14     15      1      4     14    32    18       
n38        ADD    15     16      1      5     15    15    0        
n60        ADD    15     16      1      6     15    19    4        
n40        ADD    16     17      1      7     16    16    0        
n53        ADD    16     17      1      -1    16    21    5        
n41        ADD    17     18      1      2     17    20    3        
n42        ADD    17     18      1      1     17    17    0        
n44        ADD    18     19      1      4     18    25    7        
n52        ADD    18     19      1      3     18    18    0        
n55        MUL    18     20      2      4     18    24    6        
n61        MUL    18     20      2      3     18    21    3        
n54        ADD    19     20      1      5     19    19    0        
n58        ADD    19     20      1      6     19    28    9        
n91        ADD    19     20      1      -1    19    33    14       
n56        ADD    20     21      1      7     20    26    6        
n62        MUL    20     22      2      5     20    20    0        
n74        ADD    20     21      1      2     20    30    10       
n88        ADD    20     21      1      1     20    29    9        
n59        MUL    21     23      2      6     21    27    6        
n72        ADD    21     22      1      3     21    31    10       
n63        ADD    22     23      1      -1    22    24    2        
n64        ADD    22     23      1      4     22    22    0        
n65        MUL    23     25      2      7     23    23    0        
n66        ADD    23     24      1      5     23    26    3        
n67        ADD    23     24      1      6     23    26    3        
n75        ADD    23     24      1      1     23    31    8        
n77        ADD    23     24      1      2     23    32    9        
n70        ADD    24     25      1      7     24    27    3        
n80        MUL    24     26      2      -1    24    29    5        
n69        ADD    25     26      1      3     25    25    0        
n85        MUL    25     27      2      1     25    28    3        
n101       ADD    26     27      1      1     26    35    9        
n73        ADD    26     27      1      4     26    27    1        
n76        ADD    26     27      1      -1    26    26    0        
n78        MUL    27     29      2      3     27    28    1        
n79        MUL    27     29      2      2     27    27    0        
n81        ADD    27     28      1      2     27    30    3        
n92        MUL    27     29      2      4     27    30    3        
n90        MUL    28     30      2      5     28    31    3        
n82        ADD    29     30      1      5     29    29    0        
n84        MUL    29     31      2      6     29    29    0        
n93        ADD    29     30      1      6     29    32    3        
n102       MUL    30     32      2      -1    30    33    3        
n106       ADD    30     31      1      -1    30    36    6        
n83        ADD    30     31      1      7     30    33    3        
n87        MUL    30     32      2      7     30    30    0        
n89        ADD    30     31      1      3     30    33    3        
n99        MUL    30     32      2      1     30    34    4        
n107       ADD    31     32      1      4     31    34    3        
n86        ADD    31     32      1      1     31    31    0        
n105       ADD    32     33      1      6     32    34    2        
n110       ADD    32     33      1      5     32    33    1        
n112       ADD    32     33      1      -1    32    36    4        
n94        ADD    32     33      1      2     32    33    1        
n95        MUL    32     34      2      2     32    32    0        
n96        MUL    32     34      2      3     32    32    0        
n100       MUL    33     35      2      4     33    34    1        
n113       ADD    33     34      1      7     33    37    4        
n114       ADD    33     34      1      1     33    39    6        
n118       ADD    33     34      1      3     33    37    4        
n108       ADD    34     35      1      -1    34    34    0        
n111       ADD    34     35      1      4     34    34    0        
n120       ADD    34     35      1      5     34    38    4        
n134       ADD    34     35      1      6     34    43    9        
n147       MUL    34     36      2      5     34    44    10       
n97        ADD    34     35      1      2     34    35    1        
n103       ADD    35     36      1      7     35    36    1        
n104       MUL    35     37      2      -1    35    38    3        
n109       ADD    35     36      1      3     35    35    0        
n115       ADD    35     36      1      1     35    35    0        
n98        MUL    35     37      2      6     35    36    1        
n116       ADD    36     37      1      -1    36    36    0        
n117       ADD    36     37      1      4     36    37    1        
n119       ADD    36     37      1      2     36    36    0        
n125       ADD    36     37      1      5     36    38    2        
n130       MUL    36     38      2      1     36    41    5        
n121       ADD    37     38      1      6     37    37    0        
n123       ADD    37     38      1      1     37    38    1        
n126       ADD    37     38      1      3     37    39    2        
n127       ADD    37     38      1      7     37    42    5        
n122       MUL    38     40      2      7     38    38    0        
n124       MUL    38     40      2      2     38    38    0        
n128       ADD    38     39      1      -1    38    39    1        
n133       ADD    38     39      1      2     38    43    5        
n154       ADD    39     40      1      4     39    48    9        
n129       ADD    40     41      1      5     40    40    0        
n131       ADD    40     41      1      1     40    40    0        
n132       ADD    40     41      1      3     40    41    1        
n151       ADD    40     41      1      6     40    47    7        
n135       ADD    41     42      1      7     41    41    0        
n137       ADD    41     42      1      2     41    44    3        
n138       ADD    41     42      1      -1    41    42    1        
n145       ADD    41     42      1      4     41    46    5        
n149       MUL    41     43      2      3     41    46    5        
n152       ADD    41     42      1      1     41    47    6        
n136       MUL    42     44      2      4     42    42    0        
n139       ADD    42     43      1      5     42    45    3        
n141       ADD    42     43      1      -1    42    47    5        
n143       ADD    42     43      1      3     42    43    1        
n156       ADD    42     43      1      6     42    47    5        
n140       MUL    43     45      2      5     43    46    3        
n146       ADD    43     44      1      1     43    47    4        
n148       MUL    43     45      2      -1    43    46    3        
n155       ADD    43     44      1      2     43    48    5        
n158       ADD    43     44      1      4     43    48    5        
n170       ADD    43     44      1      7     43    50    7        
n144       MUL    44     46      2      6     44    44    0        
n174       ADD    44     45      1      -1    44    53    9        
n142       ADD    45     46      1      3     45    50    5        
n150       ADD    46     47      1      5     46    49    3        
n153       MUL    46     48      2      1     46    46    0        
n166       ADD    47     48      1      6     47    50    3        
n157       ADD    48     49      1      4     48    49    1        
n159       ADD    48     49      1      1     48    48    0        
n160       ADD    48     49      1      2     48    48    0        
n168       ADD    48     49      1      7     48    55    7        
n161       ADD    49     50      1      3     49    49    0        
n163       ADD    49     50      1      -1    49    49    0        
n164       MUL    49     51      2      7     49    55    6        
n167       MUL    49     51      2      2     49    50    1        
n179       ADD    49     50      1      5     49    56    7        
n184       ADD    49     50      1      6     49    56    7        
n162       ADD    50     51      1      2     50    50    0        
n165       ADD    50     51      1      1     50    50    0        
n173       ADD    50     51      1      7     50    52    2        
n178       ADD    50     51      1      4     50    51    1        
n169       ADD    51     52      1      -1    51    51    0        
n171       ADD    51     52      1      3     51    51    0        
n172       ADD    51     52      1      5     51    53    2        
n175       MUL    51     53      2      3     51    51    0        
n176       ADD    51     52      1      6     51    53    2        
n177       ADD    52     53      1      1     52    52    0        
n180       ADD    52     53      1      2     52    52    0        
n181       ADD    52     53      1      4     52    52    0        
n183       ADD    52     53      1      7     52    54    2        
n187       MUL    52     54      2      4     52    57    5        
n194       ADD    52     53      1      -1    52    59    7        
n182       ADD    53     54      1      3     53    53    0        
n186       ADD    53     54      1      1     53    60    7        
n188       MUL    53     55      2      -1    53    53    0        
n189       ADD    53     54      1      5     53    56    3        
n190       ADD    53     54      1      6     53    56    3        
n192       ADD    53     54      1      -1    53    57    4        
n203       MUL    53     55      2      5     53    55    2        
n185       ADD    54     55      1      2     54    54    0        
n191       ADD    54     55      1      7     54    59    5        
n195       MUL    54     56      2      6     54    56    2        
n196       ADD    54     55      1      4     54    57    3        
n200       MUL    54     56      2      1     54    57    3        
n193       MUL    55     57      2      7     55    58    3        
n197       MUL    55     57      2      3     55    63    8        
n198       MUL    55     57      2      2     55    55    0        
n199       ADD    55     56      1      -1    55    58    3        
n204       ADD    55     56      1      1     55    60    5        
n206       ADD    55     56      1      3     55    65    10       
n217       ADD    55     56      1      5     55    67    12       
n201       ADD    56     57      1      7     56    63    7        
n208       ADD    56     57      1      2     56    61    5        
n209       ADD    56     57      1      4     56    63    7        
n210       ADD    56     57      1      6     56    58    2        
n202       ADD    57     58      1      -1    57    60    3        
n207       MUL    57     59      2      4     57    57    0        
n212       ADD    57     58      1      1     57    62    5        
n214       MUL    57     59      2      -1    57    64    7        
n215       ADD    57     58      1      5     57    65    8        
n221       ADD    57     58      1      3     57    63    6        
n227       ADD    57     58      1      2     57    65    8        
n205       ADD    58     59      1      4     58    61    3        
n223       MUL    58     60      2      5     58    66    8        
n211       ADD    59     60      1      6     59    59    0        
n213       ADD    59     60      1      7     59    62    3        
n218       ADD    59     60      1      -1    59    65    6        
n216       MUL    60     62      2      1     60    60    0        
n224       ADD    60     61      1      1     60    66    6        
n230       MUL    60     62      2      6     60    64    4        
n219       ADD    62     63      1      5     62    70    8        
n220       ADD    62     63      1      2     62    62    0        
n225       ADD    62     63      1      3     62    63    1        
n248       MUL    62     64      2      2     62    69    7        
n222       ADD    63     64      1      4     63    63    0        
n226       ADD    63     64      1      -1    63    64    1        
n229       MUL    63     65      2      -1    63    67    4        
n233       MUL    63     65      2      3     63    66    3        
n235       ADD    63     64      1      6     63    71    8        
n238       MUL    63     65      2      7     63    66    3        
n228       MUL    64     66      2      4     64    64    0        
n232       ADD    64     65      1      7     64    75    11       
n234       MUL    64     66      2      5     64    65    1        
n236       ADD    65     66      1      1     65    69    4        
n239       MUL    65     67      2      1     65    70    5        
n231       ADD    66     67      1      2     66    66    0        
n237       MUL    66     68      2      6     66    68    2        
n241       ADD    66     67      1      3     66    69    3        
n249       ADD    66     67      1      -1    66    76    10       
n258       ADD    66     67      1      5     66    76    10       
n240       ADD    67     68      1      4     67    67    0        
n243       ADD    67     68      1      7     67    75    8        
n247       ADD    67     68      1      6     67    70    3        
n242       MUL    68     70      2      -1    68    72    4        
n244       MUL    68     70      2      2     68    68    0        
n251       ADD    68     69      1      3     68    77    9        
n252       ADD    68     69      1      2     68    76    8        
n253       ADD    68     69      1      1     68    70    2        
n255       ADD    68     69      1      -1    68    73    5        
n270       ADD    68     69      1      5     68    77    9        
n273       MUL    68     70      2      3     68    85    17       
n260       MUL    69     71      2      7     69    74    5        
n266       ADD    69     70      1      4     69    78    9        
n277       ADD    69     70      1      6     69    82    13       
n245       ADD    70     71      1      -1    70    75    5        
n246       ADD    70     71      1      7     70    70    0        
n254       ADD    70     71      1      1     70    79    9        
n256       MUL    70     72      2      4     70    74    4        
n250       ADD    71     72      1      3     71    76    5        
n257       ADD    71     72      1      2     71    71    0        
n263       ADD    71     72      1      4     71    84    13       
n265       ADD    71     72      1      5     71    77    6        
n279       ADD    71     72      1      6     71    87    16       
n259       MUL    72     74      2      5     72    72    0        
n264       MUL    72     74      2      6     72    77    5        
n267       MUL    72     74      2      1     72    76    4        
n297       ADD    72     73      1      -1    72    88    16       
n261       MUL    74     76      2      -1    74    77    3        
n262       ADD    74     75      1      1     74    74    0        
n271       ADD    74     75      1      2     74    83    9        
n282       ADD    74     75      1      7     74    83    9        
n269       ADD    75     76      1      3     75    75    0        
n286       ADD    75     76      1      4     75    86    11       
n268       ADD    76     77      1      5     76    79    3        
n272       MUL    76     78      2      2     76    76    0        
n276       ADD    76     77      1      6     76    83    7        
n284       MUL    76     78      2      3     76    84    8        
n274       ADD    77     78      1      -1    77    80    3        
n278       MUL    77     79      2      7     77    84    7        
n275       ADD    78     79      1      1     78    84    6        
n280       MUL    78     80      2      4     78    78    0        
n281       ADD    78     79      1      2     78    86    8        
n298       ADD    78     79      1      7     78    88    10       
n288       MUL    79     81      2      1     79    87    8        
n291       ADD    79     80      1      3     79    86    7        
n283       ADD    80     81      1      4     80    80    0        
n294       ADD    80     81      1      5     80    87    7        
n285       MUL    81     83      2      5     81    81    0        
n296       ADD    81     82      1      6     81    88    7        
n287       MUL    83     85      2      6     83    83    0        
n290       MUL    83     85      2      -1    83    85    2        
n292       MUL    83     85      2      2     83    87    4        
n289       MUL    85     87      2      3     85    85    0        
n299       ADD    85     86      1      -1    85    88    3        
n293       ADD    87     88      1      1     87    87    0        
n295       ADD    88     89      1      2     88    88    0        
================================================================================